1 0.01338 -0.002848 0.016228
2 0.01842 0.007038 0.011382
3 -0.01674 -0.042234 0.025494
4 -0.00126 -0.008689 0.007429
5 0.00822 0.038113 -0.029893
6 -0.00726 -0.00441 -0.00285
7 0.00186 -0.001692 0.003552
8 -0.00342 -0.001728 -0.001692
9 0.00426 -0.003777 0.008037
10 0.00702 -0.001665 0.008685
11 -0.00762 -0.002763 -0.004857
12 0.00102 -0.00191 0.00293
13 0.00726 -0.002576 0.009836
14 -0.0081 -0.003583 -0.004517
15 6e-05 -0.002618 0.002678
16 -0.00174 -0.002797 0.001057
17 0.00054 -0.002721 0.003261
18 -0.00294 -0.003563 0.000623
19 -0.00186 -0.002909 0.001049
20 -0.00102 -0.003288 0.002268
21 0.00018 -0.003352 0.003532
22 -0.00078 -0.003737 0.002957
23 -0.00618 -0.003799 -0.002381
24 -0.00186 -0.00347 0.00161
25 -6e-05 -0.004156 0.004096
26 0.00054 -0.003799 0.004339
27 -0.00114 -0.003693 0.002553
28 0.00102 -0.004156 0.005176
29 -0.00594 -0.004057 -0.001883
30 0.00438 -0.004463 0.008843
31 0.00054 -0.004302 0.004842
32 0.00486 -0.004172 0.009032
33 -0.00258 -0.004176 0.001596
34 0.00126 -0.004455 0.005715
35 0.00138 -0.003795 0.005175
36 0.0027 -0.004136 0.006836
37 -0.0003 -0.003658 0.003358
38 -0.00342 -0.003221 -0.000199
39 0.0015 -0.003582 0.005082
40 0.0009 -0.003664 0.004564
41 -0.00162 -0.003901 0.002281
42 0.00102 -0.004111 0.005131
43 -0.00174 -0.004129 0.002389
44 -0.00102 -0.004143 0.003123
45 -0.00234 -0.004484 0.002144
46 -0.0027 -0.004349 0.001649
47 0.00066 -0.004016 0.004676
48 -0.00426 -0.004719 0.000459
49 -0.0051 -0.004193 -0.000907
50 -0.00546 -0.004256 -0.001204
51 -0.00414 -0.004675 0.000535
52 -0.00246 -0.004416 0.001956
53 -0.00198 -0.004472 0.002492
54 -0.0015 -0.004608 0.003108
55 -0.00414 -0.004598 0.000458
56 0.00018 -0.004448 0.004628
57 -0.00258 -0.004014 0.001434
58 0.0015 -0.004036 0.005536
59 0.00054 -0.003827 0.004367
60 -0.00474 -0.00363 -0.00111
61 0.00138 -0.003536 0.004916
62 0.00546 -0.003382 0.008842
63 0.00222 -0.003458 0.005678
64 -0.00138 -0.003023 0.001643
65 -0.00318 -0.0027 -0.00048
66 0.00162 -0.00282 0.00444
67 0.0021 -0.002082 0.004182
68 -0.00078 -0.002929 0.002149
69 0.00126 -0.002361 0.003621
70 -0.00306 -0.002475 -0.000585
71 -0.00306 -0.00268 -0.00038
72 0.00054 -0.002826 0.003366
73 -0.00078 -0.002055 0.001275
74 -0.00186 -0.002278 0.000418
75 -0.00282 -0.002297 -0.000523
76 -0.00282 -0.002706 -0.000114
77 0.00066 -0.002698 0.003358
78 -0.00462 -0.002875 -0.001745
79 -0.00078 -0.00283 0.00205
80 -0.00354 -0.00308 -0.00046
81 -0.0003 -0.0022 0.0019
82 0.00186 -0.00313 0.00499
83 0.00354 -0.002928 0.006468
84 -0.0057 -0.002734 -0.002966
85 0.0009 -0.002798 0.003698
86 -0.00294 -0.002715 -0.000225
87 -0.00186 -0.002775 0.000915
88 0.00342 -0.00268 0.0061
89 -0.00066 -0.002684 0.002024
90 -0.00306 -0.00288 -0.00018
91 -0.0027 -0.00243 -0.00027
92 -0.00186 -0.00254 0.00068
93 0.00378 -0.002413 0.006193
94 0.00078 -0.00252 0.0033
95 -0.00318 -0.002483 -0.000697
96 0.00018 -0.002256 0.002436
97 0.0021 -0.001983 0.004083
98 0.0015 -0.002354 0.003854
99 0.0021 -0.002005 0.004105
100 0.00222 -0.001993 0.004213
101 -0.00042 -0.002123 0.001703
102 -0.00126 -0.002055 0.000795
103 0.00342 -0.001829 0.005249
104 -0.00222 -0.001937 -0.000283
105 0.00198 -0.001818 0.003798
106 -0.00162 -0.001813 0.000193
107 -0.0015 -0.00188 0.00038
108 0.00078 -0.001633 0.002413
109 0.0003 -0.001888 0.002188
110 0.00138 -0.002449 0.003829
111 0.00102 -0.002262 0.003282
112 -0.00222 -0.002127 -9.3e-05
113 0.0015 -0.002481 0.003981
114 -0.00366 -0.002128 -0.001532
115 -0.00246 -0.002371 -8.9e-05
116 -0.00246 -0.002182 -0.000278
117 -0.0033 -0.002381 -0.000919
118 -0.00066 -0.00295 0.00229
119 -0.00474 -0.00292 -0.00182
120 -0.00378 -0.003163 -0.000617
121 0.0003 -0.003064 0.003364
122 -0.00474 -0.00298 -0.00176
123 -0.00426 -0.003009 -0.001251
124 -0.00594 -0.003122 -0.002818
125 -0.00846 -0.003513 -0.004947
126 -0.00474 -0.003227 -0.001513
127 0.00018 -0.003615 0.003795
128 -0.00402 -0.003318 -0.000702
129 -0.0021 -0.003126 0.001026
130 -0.00174 -0.003268 0.001528
131 -0.00486 -0.002878 -0.001982
132 -0.00306 -0.002448 -0.000612
133 -0.00282 -0.003111 0.000291
134 -0.0003 -0.002752 0.002452
135 -0.00366 -0.002211 -0.001449
136 -0.00246 -0.002 -0.00046
137 -0.00054 -0.002133 0.001593
138 -0.0039 -0.001365 -0.002535
139 0.00342 -0.000774 0.004194
140 -0.00138 -0.000759 -0.000621
141 0.00438 -0.000302 0.004682
142 -0.00054 8e-05 -0.00062
143 0.00198 0.000176 0.001804
144 0.0033 0.000384 0.002916
145 0.00126 0.000605 0.000655
146 0.00438 0.000907 0.003473
147 0.00138 0.001357 2.3e-05
148 -0.00018 0.001779 -0.001959
149 0.0033 0.001919 0.001381
150 0.00114 0.002182 -0.001042
151 0.0021 0.002322 -0.000222
152 0.0039 0.002191 0.001709
153 0.0009 0.002835 -0.001935
154 0.00354 0.002313 0.001227
155 0.0033 0.00291 0.00039
156 0.0063 0.002427 0.003873
157 0.00498 0.002446 0.002534
158 -0.00066 0.002535 -0.003195
159 0.00114 0.002019 -0.000879
160 -0.00054 0.001888 -0.002428
161 0.0009 0.001637 -0.000737
162 0.00162 0.001714 -9.4e-05
163 0.00234 0.001714 0.000626
164 0.00486 0.001475 0.003385
165 -0.00054 0.001018 -0.001558
166 0.0009 0.000969 -6.9e-05
167 0.00066 0.000977 -0.000317
168 0.00174 0.000524 0.001216
169 0.00162 0.000564 0.001056
170 -6e-05 0.000252 -0.000312
171 -0.00294 0.000423 -0.003363
172 0.00198 0.000283 0.001697
173 -0.00114 0.000157 -0.001297
174 0.00018 -2.9e-05 0.000209
175 -0.00198 3e-05 -0.00201
176 -0.00354 0.000234 -0.003774
177 0.00018 0.000565 -0.000385
178 0.0033 -2.2e-05 0.003322
179 -0.0015 0.000284 -0.001784
180 0.0039 0.000326 0.003574
181 0.00138 0.000121 0.001259
182 -0.00258 7.6e-05 -0.002656
183 -0.00354 0.000634 -0.004174
184 -0.00066 0.000738 -0.001398
185 -0.0003 0.000734 -0.001034
186 -0.0009 0.000638 -0.001538
187 0.00102 0.000798 0.000222
188 0.00114 0.000876 0.000264
189 -0.00294 0.001066 -0.004006
190 0.00174 0.000897 0.000843
191 0.00354 0.001443 0.002097
192 0.00078 0.001157 -0.000377
193 0.00378 0.001704 0.002076
194 0.00102 0.001311 -0.000291
195 0.0021 0.001759 0.000341
196 0.00162 0.001956 -0.000336
197 0.00402 0.001945 0.002075
198 0.00402 0.001985 0.002035
199 0.00318 0.002357 0.000823
200 0.00114 0.002618 -0.001478
201 0.00342 0.002283 0.001137
202 0.00414 0.002472 0.001668
203 0.00486 0.002894 0.001966
204 0.00054 0.003176 -0.002636
205 0.00354 0.002806 0.000734
206 0.00378 0.003408 0.000372
207 0.0045 0.003242 0.001258
208 0.00594 0.00383 0.00211
209 0.00258 0.003688 -0.001108
210 0.00222 0.004034 -0.001814
211 0.00594 0.003972 0.001968
212 0.00606 0.004259 0.001801
213 0.00402 0.004145 -0.000125
214 0.0087 0.003841 0.004859
215 0.00534 0.003861 0.001479
216 0.00054 0.004305 -0.003765
217 0.00138 0.004192 -0.002812
218 0.00102 0.004202 -0.003182
219 0.00894 0.004104 0.004836
220 0.00222 0.004124 -0.001904
221 0.0057 0.003607 0.002093
222 0.00666 0.003729 0.002931
223 0.00666 0.003686 0.002974
224 0.00402 0.003395 0.000625
225 6e-05 0.00346 -0.0034
226 0.00402 0.003279 0.000741
227 0.00294 0.00302 -8e-05
228 -0.00294 0.002906 -0.005846
229 0.00378 0.002774 0.001006
230 -0.0009 0.002641 -0.003541
231 0.00054 0.002485 -0.001945
232 0.0051 0.002461 0.002639
233 0.00534 0.002165 0.003175
234 0.0003 0.00202 -0.00172
235 0.0033 0.001998 0.001302
236 -0.00234 0.001956 -0.004296
237 -0.00186 0.002041 -0.003901
238 0.0009 0.002043 -0.001143
239 0.0075 0.001762 0.005738
240 0.00234 0.001995 0.000345
241 0.00414 0.002249 0.001891
242 0.0057 0.00218 0.00352
243 0.0015 0.002198 -0.000698
244 0.00498 0.002348 0.002632
245 0.00054 0.002699 -0.002159
246 0.00726 0.002655 0.004605
247 0.00486 0.002956 0.001904
248 -0.00102 0.00285 -0.00387
249 0.00366 0.002965 0.000695
250 0.00126 0.003345 -0.002085
251 0.00462 0.003169 0.001451
252 0.00702 0.003128 0.003892
253 0.00462 0.003361 0.001259
254 0.00318 0.003336 -0.000156
255 0.00414 0.003274 0.000866
256 0.00642 0.003328 0.003092
257 0.00114 0.003326 -0.002186
258 0.00606 0.003212 0.002848
259 0.0009 0.003422 -0.002522
260 0.00186 0.003285 -0.001425
261 0.00162 0.003201 -0.001581
262 0.00078 0.003269 -0.002489
263 0.00318 0.00302 0.00016
264 0.00114 0.002916 -0.001776
265 0.0033 0.002966 0.000334
266 0.00378 0.003145 0.000635
267 0.00438 0.002439 0.001941
268 0.00102 0.002469 -0.001449
269 0.00342 0.0026 0.00082
270 0.00438 0.002137 0.002243
271 0.0009 0.002512 -0.001612
272 0.00198 0.001914 6.6e-05
273 0.0045 0.001954 0.002546
274 0.00126 0.002031 -0.000771
275 0.00642 0.001559 0.004861
276 0.00342 0.001393 0.002027
277 0.00534 0.001654 0.003686
278 0.00114 0.00137 -0.00023
279 0.00114 0.001674 -0.000534
280 -0.00018 0.001355 -0.001535
281 0.00486 0.001233 0.003627
282 0.0033 0.000698 0.002602
283 0.00198 0.000783 0.001197
284 0.00318 0.000751 0.002429
285 6e-05 0.00058 -0.00052
286 0.00102 0.000642 0.000378
287 -0.00246 0.000725 -0.003185
288 -0.00126 0.000347 -0.001607
289 -0.00318 0.000228 -0.003408
290 0.00114 0.000373 0.000767
291 -0.00198 0.000116 -0.002096
292 0.00342 -1.9e-05 0.003439
293 -0.00042 -4.3e-05 -0.000377
294 0.00018 -0.000486 0.000666
295 0.00402 -0.000512 0.004532
296 -0.00366 -0.000655 -0.003005
297 0.00114 -0.000596 0.001736
298 -0.00222 -0.001004 -0.001216
299 0.00138 -0.000782 0.002162
300 0.00018 -0.00102 0.0012
301 -0.00282 -0.001048 -0.001772
302 -0.00102 -0.001023 3e-06
303 -0.00174 -0.001003 -0.000737
304 0.0015 -0.000971 0.002471
305 0.00078 -0.00103 0.00181
306 -0.00078 -0.000925 0.000145
307 -0.00018 -0.001276 0.001096
308 0.00342 -0.000785 0.004205
309 -0.00246 -0.000565 -0.001895
310 -0.00282 -0.000878 -0.001942
311 -0.00114 -0.000698 -0.000442
312 -0.00126 -0.000561 -0.000699
313 -0.00066 -0.000435 -0.000225
314 -0.00498 -0.000415 -0.004565
315 -0.00078 -0.000168 -0.000612
316 0.00186 2.1e-05 0.001839
317 0.00054 3e-05 0.00051
318 0.00174 0.000159 0.001581
319 0.00126 0.000491 0.000769
320 0.00174 0.000621 0.001119
321 -0.00222 0.000582 -0.002802
322 0.00378 0.000627 0.003153
323 -0.00138 0.000878 -0.002258
324 0.00222 0.000975 0.001245
325 -0.00318 0.000943 -0.004123
326 0.00126 0.00116 0.0001
327 0.00378 0.001079 0.002701
328 0.00102 0.001069 -4.9e-05
329 0.00366 0.001206 0.002454
330 0.00282 0.001117 0.001703
331 0.00342 0.001137 0.002283
332 0.00162 0.00086 0.00076
333 0.00078 0.000805 -2.5e-05
334 0.00318 0.000706 0.002474
335 -0.00018 0.000466 -0.000646
336 -0.00078 4.7e-05 -0.000827
337 0.00174 0.000317 0.001423
338 0.00078 0.000289 0.000491
339 -0.00222 0.000227 -0.002447
340 0.0003 -0.000411 0.000711
341 -0.00114 -0.00043 -0.00071
342 0.00366 -0.000572 0.004232
343 -0.00042 -0.000721 0.000301
344 0.00174 -0.000993 0.002733
345 0.00174 -0.001328 0.003068
346 0.00042 -0.001435 0.001855
347 -0.00258 -0.001466 -0.001114
348 -0.00138 -0.001542 0.000162
349 0.0027 -0.001552 0.004252
350 -0.00114 -0.001886 0.000746
351 0.0009 -0.001867 0.002767
352 -0.00378 -0.002045 -0.001735
353 -0.00282 -0.001806 -0.001014
354 -0.00594 -0.001817 -0.004123
355 -0.0015 -0.001979 0.000479
356 -0.00078 -0.002217 0.001437
357 -0.00054 -0.001716 0.001176
358 -0.0003 -0.001894 0.001594
359 0.00066 -0.001694 0.002354
360 -0.00114 -0.001407 0.000267
361 -0.0009 -0.001309 0.000409
362 -0.00138 -0.001368 -1.2e-05
363 6e-05 -0.001403 0.001463
364 -0.00126 -0.001482 0.000222
365 -0.00342 -0.001112 -0.002308
366 0.0027 -0.001068 0.003768
367 -0.00102 -0.000988 -3.2e-05
368 -0.0021 -0.000791 -0.001309
369 -0.0009 -0.000512 -0.000388
370 0.00318 -0.000436 0.003616
371 0.00162 -0.000403 0.002023
372 0.00318 -0.000217 0.003397
373 0.0039 -0.000237 0.004137
374 0.00066 -0.000147 0.000807
375 0.00114 0.000188 0.000952
376 -0.00186 0.000357 -0.002217
377 0.00138 0.00055 0.00083
378 -0.00234 0.00019 -0.00253
379 0.00414 0.000678 0.003462
380 0.0003 0.00106 -0.00076
381 -6e-05 0.000628 -0.000688
382 -0.0021 0.00127 -0.00337
383 0.0027 0.000918 0.001782
384 0.0003 0.001224 -0.000924
385 -0.00306 0.000882 -0.003942
386 -0.00102 0.001136 -0.002156
387 0.00498 0.001311 0.003669
388 -0.00318 0.001283 -0.004463
389 0.0021 0.001263 0.000837
390 0.00258 0.001311 0.001269
391 -0.0009 0.001206 -0.002106
392 0.00402 0.001257 0.002763
393 0.0015 0.001184 0.000316
394 0.00282 0.001162 0.001658
395 0.00198 0.000824 0.001156
396 -0.00054 0.000835 -0.001375
397 0.00414 0.001033 0.003107
398 0.00426 0.001167 0.003093
399 -0.00126 0.001028 -0.002288
400 0.00186 0.000792 0.001068
401 -0.0021 0.000724 -0.002824
402 -0.0003 0.000478 -0.000778
403 -0.00114 0.000728 -0.001868
404 -0.00042 0.000481 -0.000901
405 0.00282 0.00065 0.00217
406 0.0009 0.000232 0.000668
407 -0.00294 0.000339 -0.003279
408 0.0015 0.000365 0.001135
409 -0.00186 0.000684 -0.002544
410 -0.0021 0.00017 -0.00227
411 -0.0003 0.00047 -0.00077
412 0.00234 0.00047 0.00187
413 0.00522 0.000409 0.004811
414 0.00534 0.000128 0.005212
415 0.00114 0.000429 0.000711
416 0.00066 0.000602 5.8e-05
417 -0.00042 0.000258 -0.000678
418 0.00354 0.000506 0.003034
419 -0.0015 0.000542 -0.002042
420 0.00066 0.000478 0.000182
421 -0.0009 0.000556 -0.001456
422 0.00222 0.000693 0.001527
423 -0.00438 0.00096 -0.00534
424 0.00138 0.000781 0.000599
425 0.0009 0.000764 0.000136
426 0.00234 0.00095 0.00139
427 0.00462 0.001134 0.003486
428 0.00258 0.001294 0.001286
429 -0.00162 0.001108 -0.002728
430 0.0021 0.001042 0.001058
431 0.00426 0.000793 0.003467
432 0.00126 0.000973 0.000287
433 0.00234 0.000883 0.001457
434 -0.00342 0.000913 -0.004333
435 0.0003 0.000937 -0.000637
436 -0.00174 0.001008 -0.002748
437 0.00246 0.000945 0.001515
438 0.0009 0.00074 0.00016
439 0.00258 0.000785 0.001795
440 0.00186 0.000565 0.001295
441 -0.0009 0.000464 -0.001364
442 0.0009 0.000613 0.000287
443 -0.00138 0.000631 -0.002011
444 0.00054 0.000274 0.000266
445 -0.00018 0.000345 -0.000525
446 -0.00366 0.000401 -0.004061
447 0.00342 0.000324 0.003096
448 0.0045 0.000434 0.004066
449 0.00018 0.000647 -0.000467
450 -0.0015 0.000337 -0.001837
451 0.00354 0.000426 0.003114
452 0.00438 0.000591 0.003789
453 0.0003 0.000562 -0.000262
454 0.00054 0.000496 4.4e-05
455 -0.00126 0.000339 -0.001599
456 -0.00114 0.000282 -0.001422
457 0.00498 0.000456 0.004524
458 0.00342 0.000819 0.002601
459 0.0027 0.000759 0.001941
460 -0.00378 0.00069 -0.00447
461 0.00306 0.000788 0.002272
462 6e-05 0.000567 -0.000507
463 0.0003 0.00076 -0.00046
464 -0.00066 0.00097 -0.00163
465 -0.00018 0.000693 -0.000873
466 0.00078 0.001137 -0.000357
467 0.0039 0.000769 0.003131
468 0.0015 0.000745 0.000755
469 0.0051 0.000611 0.004489
470 -0.0003 0.000796 -0.001096
471 -0.00102 0.000947 -0.001967
472 0.00222 0.000467 0.001753
473 -0.00054 0.000181 -0.000721
474 -0.00018 0.000302 -0.000482
475 0.0021 0.000386 0.001714
476 -0.0033 0.000195 -0.003495
477 -0.00318 0.00029 -0.00347
478 0.00114 7.9e-05 0.001061
479 -0.00114 -0.000178 -0.000962
480 0.00162 -5.6e-05 0.001676
481 0.00102 -0.000757 0.001777
482 0.0003 -0.000637 0.000937
483 -0.00534 -0.000333 -0.005007
484 -0.00042 -0.000597 0.000177
485 -0.00054 -0.000673 0.000133
486 0.00186 -0.000475 0.002335
487 -0.00078 -0.00074 -4e-05
488 0.0021 -0.000956 0.003056
489 -0.00246 -0.000948 -0.001512
490 -0.00102 -0.001005 -1.5e-05
491 -0.00378 -0.000931 -0.002849
492 0.0021 -0.000782 0.002882
493 -0.00138 -0.00095 -0.00043
494 0.00282 -0.00055 0.00337
495 0.00462 -0.000735 0.005355
496 -0.00234 -0.000819 -0.001521
497 0.00054 -0.000604 0.001144
498 0.0009 -0.000346 0.001246
499 0.00474 -0.000554 0.005294
500 -0.0015 -0.000147 -0.001353
501 0.00186 -9.9e-05 0.001959
502 -0.00114 1.7e-05 -0.001157
503 0.0021 0.000143 0.001957
504 0.00318 0.00024 0.00294
505 0.00102 0.000106 0.000914
506 0.00246 -0.000111 0.002571
507 0.00474 0.000191 0.004549
508 -0.00234 -3.5e-05 -0.002305
509 0.00162 0.000102 0.001518
510 0.00222 0.000197 0.002023
511 -0.00246 0.000123 -0.002583
512 0.00402 -0.000264 0.004284
513 0.00114 -0.000532 0.001672
514 -0.00138 -0.000423 -0.000957
515 -0.00174 -0.000754 -0.000986
516 0.00294 -0.001002 0.003942
517 0.00042 -0.000939 0.001359
518 0.00066 -0.001454 0.002114
519 -0.00306 -0.002008 -0.001052
520 0.0015 -0.002873 0.004373
521 -0.0009 -0.002591 0.001691
522 -0.00342 -0.002446 -0.000974
523 -6e-05 -0.003085 0.003025
524 -0.0039 -0.003302 -0.000598
525 -0.00282 -0.003825 0.001005
526 -0.00414 -0.003626 -0.000514
527 6e-05 -0.004366 0.004426
528 -0.00402 -0.004453 0.000433
529 -0.00186 -0.004113 0.002253
530 -0.0111 -0.004383 -0.006717
531 -0.0021 -0.004984 0.002884
532 -0.0057 -0.004838 -0.000862
533 -0.0135 -0.004915 -0.008585
534 -0.00378 -0.004526 0.000746
535 -0.00942 -0.004236 -0.005184
536 -0.01206 -0.004506 -0.007554
537 0.00198 -0.004492 0.006472
538 -0.0009 -0.004182 0.003282
539 -0.00498 -0.003813 -0.001167
540 -0.00294 -0.003799 0.000859
541 -0.01074 -0.0036 -0.00714
542 0.0057 -0.003081 0.008781
543 -0.00678 -0.003389 -0.003391
544 -0.00474 -0.002778 -0.001962
545 -0.00222 -0.002341 0.000121
546 -0.0051 -0.002246 -0.002854
547 0.0021 -0.00208 0.00418
548 -0.00102 -0.000802 -0.000218
549 -0.0003 -0.001035 0.000735
550 0.0069 0.000857 0.006043
551 0.00834 -0.002399 0.010739
552 -0.00534 -0.000561 -0.004779
553 0.0051 0.001259 0.003841
554 0.00954 -0.000993 0.010533
555 0.00546 0.001018 0.004442
556 -0.00678 0.002986 -0.009766
557 0.00498 -0.001133 0.006113
558 -0.00234 -0.001592 -0.000748
559 0.0009 0.00536 -0.00446
