1 -0.01412 -0.01517 0.00105
2 2.5 -0.01996 2.51996
3 -0.0182 -0.016906 -0.001294
4 -0.01068 -0.013031 0.002351
5 -0.0102 -0.011016 0.000816
6 -0.00892 -0.009587 0.000667
7 -0.00708 -0.00793 0.00085
8 -0.00652 -0.006904 0.000384
9 -0.00484 -0.005572 0.000732
10 -0.00372 -0.004234 0.000514
11 -0.00308 -0.00334 0.00026
12 -0.003 -0.002988 -1.2e-05
13 -0.00228 -0.002221 -5.9e-05
14 -0.00196 -0.001918 -4.2e-05
15 -0.00164 -0.001698 5.8e-05
16 -0.00164 -0.001872 0.000232
17 -0.00116 -0.001058 -0.000102
18 -0.00108 -0.001038 -4.2e-05
19 -0.00076 -0.001089 0.000329
20 -0.0006 -0.000708 0.000108
21 -0.001 -0.001009 9e-06
22 -0.00076 -0.000958 0.000198
23 -0.00084 -0.000741 -9.9e-05
24 -0.00076 -0.000632 -0.000128
25 -0.00052 -0.000645 0.000125
26 -0.00044 -0.000539 9.9e-05
27 -0.00012 -0.000181 6.1e-05
28 -4e-05 -0.000323 0.000283
29 0.00028 -0.000263 0.000543
30 0.00012 -4.1e-05 0.000161
31 -0.00012 -0.000246 0.000126
32 -0.00044 -0.000626 0.000186
33 -0.00044 -0.000934 0.000494
34 -0.001 -0.001617 0.000617
35 -0.00188 -0.002023 0.000143
36 -0.00196 -0.001942 -1.8e-05
37 -0.00268 -0.002439 -0.000241
38 -0.00268 -0.002475 -0.000205
39 -0.00244 -0.002408 -3.2e-05
40 -0.00196 -0.001736 -0.000224
41 -0.00124 -0.001156 -8.4e-05
42 -0.00092 -0.001259 0.000339
43 -0.00036 -0.000564 0.000204
44 -0.00028 -0.000296 1.6e-05
45 -4e-05 -0.000254 0.000214
46 -0.0002 -0.000344 0.000144
47 -0.00068 -0.000687 7e-06
48 -0.00036 -0.000618 0.000258
49 -0.00028 -0.000541 0.000261
50 -0.00044 -0.000523 8.3e-05
51 -0.00076 -0.000546 -0.000214
52 -0.0002 -0.000366 0.000166
53 -4e-05 -0.000137 9.7e-05
54 -0.0002 -0.000213 1.3e-05
55 0.00012 6.2e-05 5.8e-05
56 0.00012 -5.9e-05 0.000179
57 -0.0002 -9.6e-05 -0.000104
58 -0.00028 -0.000387 0.000107
59 -0.0006 -0.00041 -0.00019
60 -0.00044 -0.000542 0.000102
61 -0.00084 -0.000934 9.4e-05
62 -0.00084 -0.000885 4.5e-05
63 -0.0006 -0.000847 0.000247
64 -0.00076 -0.000769 9e-06
65 -0.0006 -0.000862 0.000262
66 -0.0006 -0.0006 0
67 -0.00052 -0.000505 -1.5e-05
68 -0.00068 -0.000781 0.000101
69 -0.00052 -0.000773 0.000253
70 -0.00116 -0.001062 -9.8e-05
71 -0.00132 -0.001339 1.9e-05
72 -0.00116 -0.001336 0.000176
73 -0.00108 -0.001392 0.000312
74 -0.00092 -0.001068 0.000148
75 -0.00108 -0.000976 -0.000104
76 -0.001 -0.001049 4.9e-05
77 -0.00108 -0.000804 -0.000276
78 -0.001 -0.00092 -8e-05
79 -0.00052 -0.000607 8.7e-05
80 -0.00068 -0.0007 2e-05
81 -0.00052 -0.000547 2.7e-05
82 -0.00084 -0.000832 -8e-06
83 -0.00044 -0.000563 0.000123
84 -0.00044 -0.000631 0.000191
85 -0.00044 -0.00068 0.00024
86 -0.0006 -0.000866 0.000266
87 -0.0006 -0.00054 -6e-05
88 -0.0002 -0.00033 0.00013
89 0.0002 5.8e-05 0.000142
90 4e-05 -8e-05 0.00012
91 0.0006 0.000294 0.000306
92 0.00068 0.000485 0.000195
93 0.00076 0.000462 0.000298
94 0.00052 0.000486 3.4e-05
95 0.00076 0.000232 0.000528
96 0.0002 0.00019 1e-05
97 0.00028 5.2e-05 0.000228
98 4e-05 -3.7e-05 7.7e-05
99 -0.00044 -0.000478 3.8e-05
100 -0.00052 -0.000742 0.000222
101 -0.00076 -0.001049 0.000289
102 -0.001 -0.001313 0.000313
103 -0.00116 -0.00131 0.00015
104 -0.00124 -0.001518 0.000278
105 -0.00148 -0.001622 0.000142
106 -0.00124 -0.001295 5.5e-05
107 -0.00116 -0.001328 0.000168
108 -0.00116 -0.001286 0.000126
109 -0.00084 -0.001249 0.000409
110 -0.00084 -0.000959 0.000119
111 -0.00044 -0.000617 0.000177
112 -0.00036 -0.000493 0.000133
113 -0.0002 -0.0004 0.0002
114 -0.0002 -0.000109 -9.1e-05
115 0.0002 -5.2e-05 0.000252
116 0.00012 -4.2e-05 0.000162
117 0.00012 -4.5e-05 0.000165
118 0.00012 -0.000127 0.000247
119 4e-05 -7.6e-05 0.000116
120 -0.0002 -0.000398 0.000198
121 -0.00028 -0.000459 0.000179
122 -0.00012 -0.000486 0.000366
123 -0.00076 -0.000574 -0.000186
124 -0.00044 -0.000608 0.000168
125 -0.00028 -0.000696 0.000416
126 -0.00052 -0.000816 0.000296
127 -0.00036 -0.00058 0.00022
128 -0.00068 -0.00093 0.00025
129 -0.00084 -0.000952 0.000112
130 -0.00084 -0.001188 0.000348
131 -0.00124 -0.001521 0.000281
132 -0.00164 -0.001765 0.000125
133 -0.00132 -0.001653 0.000333
134 -0.00172 -0.001871 0.000151
135 -0.00164 -0.001771 0.000131
136 -0.0014 -0.001742 0.000342
137 -0.00116 -0.001561 0.000401
138 -0.00124 -0.001457 0.000217
139 -0.00132 -0.001612 0.000292
140 -0.0014 -0.00182 0.00042
141 -0.00212 -0.002444 0.000324
142 -0.003 -0.003387 0.000387
143 -0.00412 -0.003968 -0.000152
144 -0.00468 -0.004709 2.9e-05
145 -0.00556 -0.005613 5.3e-05
146 -0.00684 -0.006692 -0.000148
147 -0.007 -0.007206 0.000206
148 -0.00756 -0.007545 -1.5e-05
149 -0.00764 -0.007979 0.000339
150 -0.0078 -0.008044 0.000244
151 -0.0078 -0.008115 0.000315
152 -0.00764 -0.008143 0.000503
153 -0.00788 -0.007954 7.4e-05
154 -0.00756 -0.008087 0.000527
155 -0.00748 -0.007733 0.000253
156 -0.0074 -0.007611 0.000211
157 -0.00724 -0.007471 0.000231
158 -0.00684 -0.007303 0.000463
159 -0.0066 -0.006904 0.000304
160 -0.0066 -0.00671 0.00011
161 -0.0062 -0.006434 0.000234
162 -0.00588 -0.006047 0.000167
163 -0.00588 -0.006034 0.000154
164 -0.00516 -0.005119 -4.1e-05
165 -0.00468 -0.00478 0.0001
166 -0.00404 -0.004163 0.000123
167 -0.00348 -0.003715 0.000235
168 -0.00324 -0.003611 0.000371
169 -0.00276 -0.003122 0.000362
170 -0.00252 -0.00289 0.00037
171 -0.00292 -0.003297 0.000377
172 -0.00292 -0.003118 0.000198
173 -0.00332 -0.00347 0.00015
174 -0.00356 -0.003749 0.000189
175 -0.00404 -0.004274 0.000234
176 -0.00372 -0.004037 0.000317
177 -0.00348 -0.003728 0.000248
178 -0.00348 -0.003556 7.6e-05
179 -0.00292 -0.003192 0.000272
180 -0.00244 -0.002523 8.3e-05
181 -0.00204 -0.00239 0.00035
182 -0.00148 -0.001952 0.000472
183 -0.00156 -0.001894 0.000334
184 -0.00188 -0.002007 0.000127
185 -0.00212 -0.002416 0.000296
186 -0.0026 -0.00262 2e-05
187 -0.00308 -0.003251 0.000171
188 -0.00324 -0.003622 0.000382
189 -0.00356 -0.003973 0.000413
190 -0.0038 -0.004311 0.000511
191 -0.00452 -0.004798 0.000278
192 -0.00476 -0.005081 0.000321
193 -0.00476 -0.005144 0.000384
194 -0.00524 -0.005449 0.000209
195 -0.00524 -0.005642 0.000402
196 -0.0054 -0.005775 0.000375
197 -0.00548 -0.005882 0.000402
198 -0.005 -0.005298 0.000298
199 -0.00508 -0.005615 0.000535
200 -0.005 -0.005394 0.000394
201 -0.00476 -0.004979 0.000219
202 -0.00452 -0.004785 0.000265
203 -0.00452 -0.004684 0.000164
204 -0.00404 -0.004167 0.000127
205 -0.00388 -0.004127 0.000247
206 -0.00356 -0.003957 0.000397
207 -0.0038 -0.004042 0.000242
208 -0.00356 -0.003911 0.000351
209 -0.0034 -0.003793 0.000393
210 -0.0034 -0.003973 0.000573
211 -0.00308 -0.003432 0.000352
212 -0.0034 -0.003808 0.000408
213 -0.00356 -0.003833 0.000273
214 -0.00324 -0.003249 9e-06
215 -0.00308 -0.00327 0.00019
216 -0.00252 -0.002792 0.000272
217 -0.00268 -0.003007 0.000327
218 -0.00236 -0.002815 0.000455
219 -0.00228 -0.002557 0.000277
220 -0.00228 -0.002559 0.000279
221 -0.00252 -0.003023 0.000503
222 -0.00244 -0.003077 0.000637
223 -0.00276 -0.003199 0.000439
224 -0.003 -0.003479 0.000479
225 -0.00308 -0.003658 0.000578
226 -0.00308 -0.003549 0.000469
227 -0.00324 -0.00361 0.00037
228 -0.00308 -0.003627 0.000547
229 -0.00356 -0.003777 0.000217
230 -0.003 -0.003798 0.000798
231 -0.00308 -0.003634 0.000554
232 -0.00332 -0.003722 0.000402
233 -0.0034 -0.003775 0.000375
234 -0.00348 -0.003733 0.000253
235 -0.00364 -0.0038 0.00016
236 -0.00356 -0.003893 0.000333
237 -0.0038 -0.004026 0.000226
238 -0.00364 -0.004201 0.000561
239 -0.00404 -0.004374 0.000334
240 -0.00388 -0.004502 0.000622
241 -0.00444 -0.004826 0.000386
242 -0.00436 -0.005003 0.000643
243 -0.0042 -0.004751 0.000551
244 -0.00428 -0.004749 0.000469
245 -0.00412 -0.005011 0.000891
246 -0.00444 -0.004984 0.000544
247 -0.00444 -0.005021 0.000581
248 -0.00388 -0.004566 0.000686
249 -0.00388 -0.004558 0.000678
250 -0.0038 -0.00473 0.00093
251 -0.00356 -0.004434 0.000874
252 -0.00396 -0.004697 0.000737
253 -0.00372 -0.004434 0.000714
254 -0.00364 -0.004368 0.000728
255 -0.00404 -0.004694 0.000654
256 -0.00372 -0.00464 0.00092
257 -0.00436 -0.005083 0.000723
258 -0.00428 -0.004881 0.000601
259 -0.0042 -0.004753 0.000553
260 -0.0038 -0.004616 0.000816
261 -0.00404 -0.004835 0.000795
262 -0.00364 -0.004625 0.000985
263 -0.0038 -0.004779 0.000979
264 -0.00364 -0.004545 0.000905
265 -0.0038 -0.004567 0.000767
266 -0.00388 -0.004745 0.000865
267 -0.00444 -0.005203 0.000763
268 -0.00388 -0.005254 0.001374
269 -0.00484 -0.005716 0.000876
270 -0.00476 -0.005469 0.000709
271 -0.00468 -0.005381 0.000701
272 -0.00468 -0.005317 0.000637
273 -0.0046 -0.005768 0.001168
274 -0.0046 -0.005533 0.000933
275 -0.00452 -0.005387 0.000867
276 -0.00444 -0.005242 0.000802
277 -0.00404 -0.004827 0.000787
278 -0.0038 -0.004767 0.000967
279 -0.00388 -0.004851 0.000971
280 -0.0038 -0.004706 0.000906
281 -0.00348 -0.004805 0.001325
282 -0.00356 -0.004401 0.000841
283 -0.00364 -0.004539 0.000899
284 -0.00364 -0.004386 0.000746
285 -0.0034 -0.004489 0.001089
286 -0.0038 -0.004525 0.000725
287 -0.0034 -0.004579 0.001179
288 -0.00356 -0.004308 0.000748
289 -0.00348 -0.004593 0.001113
290 -0.00324 -0.004138 0.000898
291 -0.00308 -0.004336 0.001256
292 -0.00308 -0.004024 0.000944
293 -0.00284 -0.004178 0.001338
294 -0.00356 -0.004237 0.000677
295 -0.003 -0.003857 0.000857
296 -0.00316 -0.003735 0.000575
297 -0.00212 -0.00329 0.00117
298 -0.00228 -0.003253 0.000973
299 -0.00292 -0.003137 0.000217
300 -0.00244 -0.003109 0.000669
301 -0.0022 -0.002885 0.000685
302 -0.00284 -0.002539 -0.000301
303 -0.00196 -0.002544 0.000584
304 -0.0022 -0.002373 0.000173
305 -0.00188 -0.002287 0.000407
306 -0.00228 -0.002248 -3.2e-05
307 -0.00204 -0.002115 7.5e-05
308 -0.00268 -0.001783 -0.000897
309 -0.00148 -0.000988 -0.000492
310 -0.00092 -0.000631 -0.000289
311 0.00132 0.000947 0.000373
312 0.00388 0.003085 0.000795
313 0.00716 0.006534 0.000626
314 0.01084 0.009514 0.001326
315 0.0134 0.010904 0.002496
316 0.01492 0.011168 0.003752
317 -0.011 0.011665 -0.022665
318 2.5 0.0014 2.4986
319 2.5 -0.002415 2.50242
