1 3.166 5.431 5.742 3.509 6.048 2.999 0.877 0901 1.914
2 3.164 5.43 5.737 3.607 6.025 6.242 0.877 0.901 0.919
3 3.163 5.439 5.746 3.605 6.037 5.423 0.877 0.901 1.059
4 3.174 5.436 5.745 3.597 6.018 6.324 0.882 0.903 0.909
5 3.16 5.432 5.736 3.621 6.022 2.037 0.873 0.902 2.817
6 3.166 5.444 5.748 3.62 6.049 2.069 0.875 0.9 2.778
7 3.162 5.427 5.73 3.605 6.015 6.136 0.877 0.902 0.934
8 3.158 5.441 5.747 3.57 6.019 6.334 0.885 0.904 0.907
9 3.167 5.431 5.746 3.554 5.991 6.312 0.891 0.906 0.91
10 3.144 5.441 5.752 3.593 6.028 5.417 0.875 0.903 1.062
11 3.155 5.43 5.742 3.591 6.022 3.135 0.879 0.902 1.831
12 3.164 5.426 5.732 3.627 6.005 6.354 0.872 0.904 0.902
13 3.167 5.45 5.758 3.61 6.048 1.188 0.877 0.901 4.845
14 3.162 5.437 5.748 3.601 6.023 3.167 0.878 0.903 1.815
15 3.171 5.427 5.735 3.617 6.029 6.72 0.877 0.9 0.853
16 3.152 5.458 5.768 3.6 6.035 3.67 0.875 0.904 1.572
17 3.186 5.464 5.775 3.584 6.028 6.358 0.889 0.907 0.908
18 3.159 5.46 5.764 3.613 6.088 0.637 0.874 0.897 9.048
19 3.166 5.451 5.758 3.63 6.058 0.407 0.872 0.9 14.133
20 3.181 5.463 5.774 3.615 6.054 -0.239 0.88 0.902 -24.167
21 3.163 5.461 5.77 3.602 6.064 0.28 0.878 0.901 20.601
22 3.163 5.44 5.751 3.637 6.053 6.031 0.87 0.899 0.954
23 3.159 5.446 5.753 3.643 6.047 6.389 0.867 0.901 0.901
24 3.175 5.461 5.772 3.657 6.087 4.569 0.868 0.897 1.263
25 3.173 5.451 5.759 3.627 6.05 0.695 0.875 0.901 8.283
26 3.165 5.451 5.764 3.631 6.059 2.791 0.871 0.9 2.065
27 3.134 5.43 5.747 3.601 6.05 5.076 0.87 0.898 1.132
28 3.172 5.459 5.762 3.653 6.073 6.39 0.868 0.899 0.902
29 3.162 5.442 5.749 3.646 6.083 -0.058 0.867 0.895 -99.245
30 3.176 5.471 5.772 3.66 6.137 0.448 0.868 0.891 12.875
31 3.172 5.47 5.775 3.676 6.134 0.409 0.863 0.892 14.11
32 3.166 5.441 5.759 3.63 9.304 -0.055 0.872 0.585 -104.365
33 0 0 0 0 0 0 -nan -nan -nan
34 0 0 0 0 0 0 -nan -nan -nan
35 0 0 0 0 0 0 -nan -nan -nan
36 3.164 5.456 5.747 4.544 6.593 6.256 0.870 0.828 0.919
37 3.169 5.43 5.737 3.567 5.996 6.289 0.870 0.906 0.912
38 3.16 5.445 5.746 3.664 5.97 6.333 0.873 0.912 0.907
39 3.146 5.422 5.732 3.607 5.996 6.36 0.882 0.904 0.901
40 3.161 5.432 5.749 3.582 6.004 6.319 0.883 0.905 0.91
41 3.16 5.44 5.759 3.546 6.024 5.943 0.881 0.903 0.969
42 3.168 5.452 5.746 3.587 5.994 6.26 0.883 0.91 0.918
43 3.166 5.431 5.748 3.612 5.995 6.451 0.876 0.906 0.891
44 3.169 5.453 5.756 3.614 6.019 9.958 0.877 0.906 0.578
45 3.162 5.443 5.754 3.592 6.007 6.345 0.88 0.906 0.907
46 3.165 5.441 5.752 3.597 6.025 5.397 0.88 0.903 1.066
47 3.175 5.451 5.764 3.581 6.026 7.796 0.887 0.905 0.739
48 3.157 5.444 5.75 3.576 5.998 6.151 0.883 0.908 0.935
49 3.173 5.45 5.769 3.599 6 6.429 0.882 0.908 0.897
50 3.166 5.456 5.762 3.64 6.02 4.121 0.87 0.906 1.398
51 3.16 5.441 5.756 3.577 6.008 5.093 0.883 0.906 1.13
52 3.167 5.449 5.765 3.582 5.996 5.15 0.884 0.909 1.119
53 3.168 5.465 5.768 3.583 6.006 6.311 0.884 0.91 0.914
54 3.181 5.475 5.778 3.602 6.026 6.178 0.883 0.909 0.935
55 3.167 5.447 5.756 3.603 6.014 6.324 0.879 0.906 0.91
56 3.164 5.447 5.758 3.573 5.989 6.224 0.886 0.909 0.925
57 3.163 5.447 5.753 3.612 5.947 6.648 0.876 0.916 0.865
58 0.002 0.002 0.002 0 0 0 inf inf inf
59 3.164 5.444 5.755 3.611 6.013 5.575 0.876 0.905 1.032
60 3.15 5.457 5.769 3.559 5.989 10.145 0.885 0.911 0.569
61 3.174 5.457 5.763 3.592 6.004 6.35 0.884 0.909 0.908
62 3.172 5.445 5.747 3.594 6.031 6.343 0.882 0.903 0.906
63 3.177 5.453 5.763 3.608 5.984 6.265 0.881 0.911 0.92
64 0 0 0 0 0 0 -nan -nan -nan
65 3.121 5.448 5.762 1.948 6.079 4.394 0.856 0.896 1.311
66 3.149 5.429 5.743 3.678 6.091 5.611 0.856 0.891 1.023
67 3.229 5.435 5.742 3.679 6.131 -0.081 0.858 0.886 -71.107
68 3.162 5.43 5.739 4.751 8.487 6.329 0.858 0.64 0.907
69 3.161 5.435 5.736 3.552 6.08 5.418 0.858 0.894 1.059
70 3.171 5.446 5.748 3.672 6.103 3.81 0.864 0.892 1.509
71 3.153 5.441 5.748 3.615 6.075 2.622 0.872 0.896 2.193
72 3.165 5.446 5.753 3.694 6.073 1.057 0.857 0.897 5.444
73 3.173 5.448 5.741 3.652 7.867 7.583 0.869 0.692 0.757
74 3.158 5.439 5.759 3.626 6.081 -0.181 0.871 0.894 -31.775
75 3.162 5.458 5.768 3.636 10.145 4.407 0.869 0.538 1.309
76 3.157 5.464 5.739 3.55 6.049 8.24 0.889 0.903 0.696
77 3.17 5.455 5.762 3.715 8.486 3.025 0.853 0.643 1.905
78 3.169 5.451 5.76 3.643 6.088 1.471 0.87 0.895 3.915
79 3.177 5.466 5.777 3.664 6.575 3.306 0.867 0.831 1.747
80 3.165 5.441 5.745 3.651 6.046 2.117 0.867 0.9 2.714
81 0.002 0.002 0.002 0 0 0 inf inf inf
82 3.164 5.45 5.758 4.39 6.198 5.554 0.721 0.879 1.037
83 3.17 5.456 5.759 3.601 8.113 5.174 0.88 0.672 1.113
84 3.177 5.452 5.77 3.646 6.051 2.789 0.871 0.901 2.069
85 3.182 5.455 5.763 3.652 6.071 4.111 0.871 0.898 1.402
86 3.173 5.454 5.77 3.632 6.067 3.905 0.874 0.899 1.478
87 3.176 5.459 5.766 3.642 6.082 1.952 0.872 0.898 2.955
88 3.167 5.434 5.751 3.788 6.034 2.979 0.872 0.9 1.93
89 3.18 5.461 5.769 3.629 6.046 0.977 0.876 0.903 5.904
90 3.163 5.44 5.765 3.598 6.061 5.092 0.879 0.898 1.132
91 3.182 5.466 5.773 3.636 6.079 0.529 0.875 0.899 10.914
92 3.171 5.452 5.766 3.756 6.052 1.402 0.875 0.901 4.112
93 3.162 5.458 5.775 3.618 6.068 3.384 0.874 0.899 1.706
94 3.176 5.455 5.76 3.613 6.06 0.723 0.879 0.9 7.97
95 3.178 5.48 5.769 3.658 6.097 0.936 0.869 0.899 6.162
96 3.179 5.448 5.757 4.327 6.104 5.04 0.869 0.892 1.142
97 3.161 5.397 5.7 3.581 6.048 5.329 0.883 0.892 1.07
98 3.173 5.472 5.743 3.622 6.419 4.08 0.876 0.853 1.408
99 3.174 5.404 5.735 4.306 6.628 8.844 0.876 0.815 0.648
100 3.194 5.431 5.728 4.787 7.423 3.343 0.876 0.732 1.714
101 3.227 5.436 5.733 3.715 6.133 5.859 0.869 0.886 0.978
102 3.175 5.439 5.743 3.688 6.081 6.373 0.861 0.895 0.901
103 3.19 5.443 5.769 3.542 6.129 1.973 0.861 0.888 2.923
104 3.216 5.404 5.727 3.679 5.955 0.177 0.874 0.907 32.331
105 3.178 5.443 5.757 3.697 6.201 5.315 0.86 0.878 1.083
106 3.221 5.459 5.754 3.695 6.093 4.767 0.872 0.896 1.207
107 3.156 5.442 5.747 3.701 6.104 3.573 0.853 0.891 1.608
108 3.2 5.454 5.743 3.709 7.561 6.143 0.863 0.721 0.935
109 3.169 5.414 5.742 3.35 6.092 6.184 0.858 0.889 0.929
110 3.169 5.438 5.788 3.693 6.101 2.301 0.858 0.891 2.515
111 3.17 5.438 5.726 3.691 6.107 2.824 0.859 0.89 2.027
112 3.217 5.445 5.764 3.68 6.068 3.514 0.874 0.897 1.64
113 3.188 5.443 5.753 3.642 6.08 0.152 0.875 0.895 37.856
114 3.161 5.465 5.772 4.9 7.66 5.039 0.877 0.875 1.146
115 3.155 5.434 5.724 1.955 6.092 4.248 0.877 0.892 1.347
116 3.228 5.456 5.763 3.681 6.048 5.573 0.877 0.902 1.034
117 3.172 5.452 5.766 3.653 6.083 6.377 0.868 0.896 0.904
118 3.167 5.441 5.754 3.596 6.089 3.005 0.881 0.894 1.915
119 0 0 0 0 0 0 -nan -nan -nan
120 0 0 0 0 0 0 -nan -nan -nan
121 3.155 5.449 5.755 3.655 6.187 6.154 0.863 0.881 0.935
122 3.178 5.449 5.759 3.632 6.102 2.407 0.875 0.893 2.393
123 3.189 5.45 5.79 3.699 6.268 6.178 0.862 0.869 0.937
124 3.167 5.445 5.749 3.657 6.094 4.055 0.866 0.894 1.418
125 3.163 5.448 5.758 3.66 6.062 3.416 0.864 0.899 1.685
126 3.16 5.43 5.752 3.627 11.957 1.315 0.871 0.454 4.375
127 3.228 5.457 5.771 3.966 6.089 5.969 0.860 0.896 0.967
128 3.173 5.452 5.762 3.698 5.829 4.578 0.858 0.935 1.259
129 3.17 5.45 5.755 2.284 6.043 6.146 0.874 0.902 0.936
130 3.15 5.428 5.732 3.602 6.044 4.699 0.874 0.898 1.22
131 3.16 5.459 5.765 3.598 6.047 -0.942 0.878 0.903 -6.121
132 3.177 5.453 5.758 3.623 6.053 3.809 0.877 0.901 1.512
133 3.168 5.449 5.752 3.628 6.047 3.017 0.873 0.901 1.907
134 3.157 5.451 5.758 3.637 6.067 2.357 0.868 0.899 2.443
135 3.177 5.453 5.764 3.614 6.049 3.282 0.879 0.902 1.756
136 3.161 5.45 5.766 3.639 6.036 6.374 0.868 0.903 0.905
137 3.168 5.436 5.747 3.653 6.045 3.021 0.867 0.899 1.903
138 3.163 5.435 5.746 3.653 6.06 7.492 0.866 0.897 0.767
139 3.172 5.441 5.744 3.677 6.059 0.331 0.863 0.898 17.345
140 3.17 5.431 5.733 3.66 6.043 5.975 0.866 0.899 0.959
141 3.169 5.435 5.751 3.652 6.043 3.459 0.868 0.899 1.663
142 3.164 5.444 5.75 3.645 6.07 0.339 0.868 0.897 16.942
143 3.174 5.449 5.752 3.639 6.051 6.842 0.872 0.9 0.841
144 3.165 5.445 5.751 3.622 6.042 6.382 0.874 0.901 0.901
145 3.164 5.444 5.755 3.628 6.038 6.078 0.872 0.902 0.947
146 3.157 5.439 5.752 3.595 6.048 6.381 0.878 0.899 0.901
147 3.157 5.436 5.735 3.619 6.057 3.772 0.872 0.897 1.52
148 3.169 5.442 5.756 3.627 6.046 6.38 0.874 0.9 0.902
149 3.166 5.45 5.763 3.626 6.057 3.949 0.873 0.9 1.459
150 3.157 5.453 5.765 3.64 6.064 2.656 0.867 0.899 2.171
151 3.154 5.421 5.726 3.623 6.045 5.123 0.871 0.897 1.118
152 3.157 5.444 5.752 3.64 6.068 6.075 0.867 0.897 0.947
153 3.177 5.447 5.754 3.671 6.107 6.417 0.866 0.892 0.897
154 3.18 5.436 5.736 3.662 6.08 0.084 0.868 0.894 68.125
155 3.133 5.43 5.737 3.643 6.094 -0.282 0.86 0.891 -20.354
156 3.179 5.423 5.728 3.647 6.059 0.515 0.872 0.895 11.116
157 3.159 5.425 5.734 3.699 6.093 -0.019 0.854 0.89 -294.536
158 3.168 5.428 5.737 3.716 6.121 0.195 0.853 0.887 29.418
159 3.213 5.452 5.757 3.731 6.158 0.249 0.861 0.885 23.127
160 3.144 5.403 5.708 3.761 7.791 2.608 0.836 0.694 2.188
161 3.169 5.446 5.757 3.679 6.063 1.948 0.861 0.898 2.955
162 3.179 5.458 5.773 5.715 6.035 4.873 0.861 0.904 1.185
163 3.17 5.462 5.764 3.687 6.095 1.123 0.86 0.896 5.135
164 3.168 5.451 5.756 3.695 6.048 5.104 0.857 0.901 1.128
165 3.165 5.451 5.757 3.599 6.062 0.436 0.88 0.899 13.204
166 3.153 5.447 5.748 3.79 6.027 4.603 0.880 0.904 1.249
167 3.17 5.471 5.765 3.626 6.066 1.004 0.874 0.902 5.744
168 3.17 5.445 5.762 3.679 6.034 11.832 0.862 0.902 0.487
169 3.164 5.451 5.758 3.616 6.051 2.803 0.875 0.901 2.054
170 3.168 5.454 5.756 3.645 6.044 9.791 0.869 0.902 0.588
171 3.161 5.441 5.748 3.647 6.024 6.149 0.867 0.903 0.935
172 3.17 5.44 5.738 3.607 5.987 6.377 0.879 0.909 0.9
173 0.002 0.002 0.002 0 0 0 inf inf inf
174 3.173 5.45 5.76 3.662 9.117 3.739 0.867 0.598 1.54
175 3.174 5.45 5.762 3.637 6.033 3.145 0.873 0.903 1.833
176 3.157 5.442 5.749 3.586 6.032 6.318 0.881 0.902 0.91
177 3.162 5.445 5.753 3.653 6.015 6.28 0.866 0.905 0.916
178 3.168 5.448 5.755 3.664 6.055 3.262 0.865 0.9 1.764
179 3.167 5.449 5.758 3.641 6.068 -0.034 0.87 0.898 -167.349
180 3.135 5.431 5.741 3.633 6.026 3.837 0.863 0.901 1.496
181 3.169 5.447 5.748 3.632 6.032 4.777 0.872 0.903 1.203
182 3.163 5.445 5.757 3.629 6.037 5.313 0.872 0.902 1.084
183 3.166 5.448 5.746 3.638 6.031 3.494 0.87 0.903 1.644
184 3.158 5.445 5.744 3.653 6.04 6.264 0.865 0.902 0.917
185 3.145 5.438 5.756 3.596 6.017 5.744 0.874 0.904 1.002
186 3.162 5.439 5.744 3.616 6.034 3.734 0.874 0.901 1.538
187 3.156 5.434 5.746 3.636 6.03 6.07 0.868 0.901 0.947
188 3.162 5.43 5.735 3.632 6.013 4.595 0.871 0.903 1.248
189 3.167 5.441 5.747 3.603 6.033 5.593 0.879 0.902 1.028
190 3.161 5.431 5.739 3.619 6.049 2.335 0.873 0.898 2.458
191 3.158 5.424 5.732 3.62 5.996 6.393 0.873 0.905 0.897
192 3.165 5.472 5.783 3.569 6.03 2.533 0.887 0.907 2.283
193 3.227 5.448 5.746 3.626 7.328 6.664 0.860 0.743 0.862
194 3.164 5.425 5.729 3.687 7.638 5.045 0.858 0.71 1.136
195 3.17 5.452 5.763 3.731 6.129 4.029 0.849 0.89 1.43
196 3.162 5.458 5.761 3.701 12.823 1.213 0.854 0.426 4.748
197 3.183 5.461 5.775 3.629 6.113 5.556 0.877 0.893 1.039
198 3.173 5.457 5.757 3.637 7.33 4.199 0.872 0.745 1.371
199 3.155 5.45 5.764 5.337 6.152 6.052 0.872 0.886 0.953
200 3.169 5.453 5.766 3.677 6.105 3.253 0.862 0.893 1.773
201 3.162 5.447 5.755 3.692 6.125 5.601 0.856 0.889 1.028
202 3.167 5.452 5.75 3.712 9.705 4.185 0.853 0.562 1.374
203 3.16 5.435 5.734 3.716 6.116 5.991 0.85 0.889 0.957
204 3.172 5.441 5.762 3.632 6.11 -0.499 0.85 0.89 -11.545
205 3.176 5.448 5.753 3.717 9.676 4.452 0.854 0.563 1.292
206 3.166 5.448 5.739 3.704 9.527 3.82 0.855 0.572 1.502
207 3.176 5.449 5.739 3.679 6.144 4.415 0.863 0.887 1.3
208 3.172 5.468 5.769 3.659 6.143 6.279 0.867 0.89 0.919
209 3.175 5.451 5.754 3.686 6.116 2.486 0.861 0.891 2.315
210 3.222 5.448 5.757 4.826 6.112 0.697 0.861 0.891 8.264
211 3.16 5.457 5.761 4.249 6.106 1.841 0.861 0.894 3.13
212 3.17 5.453 5.76 7.24 6.118 6.027 0.861 0.891 0.956
213 3.164 5.452 5.75 3.671 6.093 0.109 0.862 0.895 52.832
214 3.168 5.447 5.75 3.682 6.112 0.785 0.86 0.891 7.327
215 3.168 5.442 5.74 3.771 6.098 0.056 0.86 0.893 102.939
216 3.155 5.44 5.749 3.647 6.092 0.235 0.865 0.893 24.412
217 3.174 5.453 5.757 3.659 6.112 0.006 0.867 0.892 907.176
218 3.197 5.448 5.76 3.73 6.122 2.231 0.857 0.89 2.582
219 3.166 5.432 5.75 3.841 6.104 2.013 0.864 0.89 2.856
220 3.158 5.442 5.752 4.69 6.125 5.556 0.867 0.888 1.035
221 3.158 5.454 5.762 3.641 6.104 0.777 0.867 0.893 7.414
222 3.157 5.448 5.747 3.659 6.102 0.291 0.863 0.893 19.769
223 3.158 5.437 5.747 3.708 6.074 1.287 0.852 0.895 4.466
224 3.164 5.432 5.738 3.758 6.414 2.225 0.842 0.847 2.579
225 3.161 5.438 5.776 3.694 7.072 5.79 0.856 0.769 0.998
226 3.107 5.463 5.804 3.727 7.153 6.311 0.853 0.764 0.92
227 3.171 5.466 5.722 3.752 7.988 6.329 0.845 0.684 0.904
228 3.717 5.446 5.777 3.756 6.398 6.065 0.845 0.851 0.953
229 3.177 5.446 5.771 3.616 8.586 6.955 0.844 0.634 0.83
230 3.166 5.507 5.815 3.753 8.045 6.14 0.843 0.685 0.947
231 3.156 5.583 5.759 3.804 6.049 4.485 0.83 0.923 1.284
232 3.158 5.455 5.738 3.711 7.371 6.238 0.851 0.74 0.92
233 3.148 5.408 5.733 3.286 8.801 3.262 0.851 0.614 1.758
234 3.158 5.44 5.738 5.403 8.742 6.287 0.842 0.622 0.913
235 3.287 5.441 5.754 3.901 7.896 5.907 0.842 0.689 0.974
236 3.175 5.567 5.76 3.712 6.17 5.697 0.855 0.902 1.011
237 3.157 5.457 5.779 3.676 6.111 1.447 0.859 0.893 3.994
238 3.172 5.48 5.75 3.732 7.898 4.068 0.85 0.859 1.413
239 3.167 5.448 5.737 3.727 8.676 5.893 0.85 0.628 0.974
240 3.183 5.456 5.751 3.744 6.046 6.049 0.85 0.903 0.951
241 3.176 5.453 5.752 3.818 7.676 5.88 0.852 0.71 0.978
242 3.161 5.434 5.744 3.674 6.111 7.491 0.855 0.889 0.767
243 3.164 5.458 5.763 3.754 12.45 6.252 0.850 0.438 0.922
244 3.163 5.463 5.78 3.698 13.561 4.435 0.855 0.403 1.303
245 3.196 5.453 5.764 3.635 7.589 6.19 0.855 0.719 0.931
246 3.167 5.484 5.767 3.711 6.115 1.5 0.854 0.897 3.845
247 3.15 5.446 5.73 3.658 6.115 5.807 0.861 0.891 0.987
248 3.233 5.444 5.744 3.623 6.126 6.105 0.855 0.889 0.941
249 3.15 5.432 5.745 3.73 6.124 5.722 0.845 0.887 1.004
250 3.16 5.446 5.752 3.644 6.153 6.255 0.850 0.885 0.92
251 3.159 5.419 5.767 3.673 6.216 6.187 0.86 0.872 0.932
252 3.165 5.449 5.743 3.655 6.134 5.101 0.866 0.888 1.126
253 3.159 5.452 5.768 4.692 6.099 1.983 0.866 0.894 2.908
254 3.145 5.449 5.749 6.188 6.108 5.651 0.866 0.892 1.017
255 3.166 5.444 5.744 3.701 6.045 4.554 0.855 0.901 1.261
256 3.149 5.46 5.776 3.169 8.032 4.523 0.855 0.68 1.277
257 3.165 5.454 5.76 3.637 10.351 2.48 0.860 0.527 2.322
258 3.15 5.449 5.763 3.641 6.127 1.102 0.865 0.889 5.23
259 3.158 5.467 5.775 3.621 6.063 -0.79 0.872 0.902 -7.313
260 3.163 5.469 5.78 3.632 6.07 -0.372 0.871 0.901 -15.522
261 3.166 5.452 5.762 3.624 6.045 1.746 0.874 0.902 3.3
262 3.14 5.437 5.751 3.596 6.065 -0.868 0.873 0.896 -6.629
263 3.171 5.468 5.781 3.645 6.072 0.547 0.87 0.901 10.566
264 3.173 5.44 5.75 3.599 6.067 2.088 0.882 0.897 2.755
265 3.157 5.462 5.772 3.609 6.062 3.195 0.875 0.901 1.806
266 3.157 5.436 5.747 3.594 6.043 6.37 0.878 0.9 0.902
267 3.175 5.477 5.782 3.617 6.053 5.713 0.878 0.905 1.012
268 3.165 5.452 5.763 3.604 6.058 0.079 0.878 0.9 72.675
269 3.157 5.464 5.779 3.614 6.044 1.026 0.874 0.904 5.635
270 3.156 5.462 5.771 3.6 6.053 1.735 0.877 0.902 3.327
271 3.169 5.449 5.759 3.62 6.053 2.162 0.876 0.9 2.664
272 3.168 5.465 5.781 3.561 6.036 7.636 0.889 0.905 0.757
273 3.159 5.465 5.781 3.602 6.045 6.361 0.877 0.904 0.909
274 3.15 5.461 5.774 3.575 6.045 4.86 0.881 0.903 1.188
275 3.164 5.458 5.774 3.646 6.04 3.27 0.868 0.904 1.766
276 3.171 5.434 5.742 3.612 6.038 5.077 0.878 0.9 1.131
277 3.172 5.46 5.771 3.637 6.058 6.382 0.872 0.901 0.904
278 3.164 5.43 5.745 3.616 6.043 5.514 0.875 0.898 1.042
279 3.161 5.448 5.757 3.614 6.062 2.69 0.875 0.899 2.14
280 3.166 5.454 5.759 3.609 6.051 1.509 0.877 0.901 3.816
281 3.167 5.446 5.747 3.626 6.062 3.573 0.873 0.898 1.608
282 3.166 5.45 5.756 3.621 6.047 2.6 0.874 0.901 2.214
283 3.179 5.466 5.776 3.594 6.058 4.027 0.884 0.902 1.434
284 3.151 5.455 5.761 3.59 6.056 0.089 0.878 0.901 64.834
285 3.165 5.428 5.735 3.586 5.994 6.665 0.883 0.906 0.86
286 3.171 5.449 5.766 3.644 6.057 6.617 0.87 0.9 0.871
287 3.171 5.444 5.753 3.645 6.09 8.582 0.87 0.894 0.67
288 0 0 0 0 0 0 -nan -nan -nan
289 3.176 5.453 5.757 3.664 6.091 2.946 0.867 0.895 1.954
290 3.174 5.457 5.766 3.645 6.088 0.308 0.871 0.896 18.737
291 3.173 5.463 5.77 3.636 6.091 6.422 0.873 0.897 0.898
292 3.173 5.461 5.767 3.62 6.1 3.754 0.876 0.895 1.536
293 0 0 0 0 0 0 -nan -nan -nan
294 3.171 5.447 5.754 3.536 6.067 2.957 0.872 0.898 1.946
295 3.167 5.463 5.774 3.631 6.079 0.143 0.872 0.899 40.444
296 3.171 5.456 5.764 3.604 6.055 10.068 0.88 0.901 0.573
297 3.169 5.452 5.764 3.62 6.052 5.878 0.875 0.901 0.98
298 3.174 5.469 5.771 3.639 6.07 2.333 0.872 0.901 2.474
299 3.18 5.47 5.769 3.636 6.072 0.038 0.875 0.901 152.285
300 3.173 5.468 5.771 3.614 6.066 6.534 0.878 0.901 0.883
301 3.17 5.463 5.772 3.583 6.063 0.862 0.885 0.901 6.693
302 3.17 5.454 5.767 3.643 6.089 1.613 0.87 0.896 3.575
303 3.178 5.463 5.77 3.637 6.074 2.726 0.874 0.899 2.117
304 3.167 5.439 5.757 3.631 6.057 5.865 0.872 0.898 0.982
305 3.167 5.454 5.753 3.626 6.054 4.039 0.874 0.901 1.424
306 3.17 5.459 5.767 3.661 6.05 5.287 0.866 0.902 1.091
307 3.182 5.466 5.776 3.673 6.09 -0.062 0.866 0.897 -93.269
308 3.162 5.441 5.748 3.64 6.064 3.621 0.869 0.897 1.587
309 3.176 5.459 5.768 3.637 6.069 4.62 0.873 0.9 1.249
310 0 0 0 0 0 0 -nan -nan -nan
311 3.171 5.467 5.788 3.716 8.549 2.716 0.853 0.64 2.131
312 3.164 5.461 5.761 3.633 6.116 -0.039 0.871 0.893 -148.895
313 3.171 5.455 5.758 3.668 6.091 0.744 0.864 0.896 7.743
314 3.165 5.443 5.748 3.644 6.085 2.15 0.868 0.894 2.673
315 3.174 5.456 5.771 3.685 6.11 0.917 0.861 0.893 6.297
316 3.166 5.449 5.753 3.637 6.082 1.976 0.871 0.896 2.911
317 3.177 5.451 5.762 3.639 6.103 1.026 0.873 0.893 5.616
318 3.164 5.45 5.751 3.032 6.005 6.402 0.873 0.908 0.898
319 0 0 0 0 0 0 -nan -nan -nan
320 0 0 0 0 0 0 -nan -nan -nan
321 0 0 0 0 0 0 -nan -nan -nan
322 0 0 0 0 0 0 -nan -nan -nan
323 3.176 5.448 5.753 3.756 6.06 3.338 0.846 0.899 1.724
324 3.172 5.461 5.757 3.63 6.041 3.542 0.874 0.904 1.625
325 3.172 5.447 5.768 3.663 6.062 1.873 0.866 0.899 3.08
326 3.181 5.457 5.764 3.629 6.056 2.683 0.876 0.901 2.148
327 3.184 5.462 5.772 3.711 6.076 2.478 0.868 0.899 2.33
328 3.184 5.47 5.776 3.477 6.065 2.455 0.870 0.902 2.352
329 3.181 5.456 5.769 3.688 6.115 3.566 0.862 0.892 1.617
330 0 0 0 0 0 0 -nan -nan -nan
331 3.171 5.445 5.76 3.661 6.028 7.446 0.866 0.903 0.774
332 3.192 5.475 5.784 3.644 6.087 2.887 0.868 0.9 2.004
333 3.191 5.47 5.759 3.57 8.697 5.482 0.870 0.629 1.05
334 3.164 5.457 5.767 3.707 9.598 3.077 0.854 0.569 1.874
335 3.175 5.475 5.773 3.656 6.094 2.594 0.869 0.898 2.225
336 3.19 5.456 5.758 3.625 6.08 3.635 0.87 0.897 1.584
337 3.158 5.447 5.748 3.651 9.597 6.265 0.865 0.568 0.917
338 3.18 5.452 5.769 4.571 6.165 5.449 0.865 0.884 1.059
339 3.185 5.453 5.749 3.642 6.087 4.161 0.874 0.896 1.381
340 3.155 5.444 5.757 3.667 6.116 1.53 0.86 0.89 3.763
341 3.164 5.438 5.758 3.537 6.072 5.283 0.860 0.896 1.09
342 3.185 5.451 5.744 3.53 6.065 3.849 0.865 0.899 1.492
343 3.16 5.447 5.749 3.701 6.099 2.564 0.854 0.893 2.242
344 3.237 5.446 5.755 3.676 7.802 4.818 0.861 0.698 1.194
345 3.16 5.438 5.75 3.662 8.159 6.136 0.863 0.667 0.937
346 3.18 5.449 5.756 3.645 7.805 0.582 0.868 0.698 9.89
347 3.167 5.449 5.752 3.563 6.108 2.068 0.869 0.892 2.782
348 3.154 5.451 5.754 4.587 7.477 2.953 0.870 0.729 1.948
349 3.152 5.428 5.728 3.638 6.354 2.9 0.866 0.854 1.975
350 3.16 5.454 5.748 3.685 6.081 4.146 0.857 0.897 1.386
351 3.182 5.418 5.729 3.617 6.231 4.545 0.88 0.87 1.26
352 3.151 5.462 5.761 3.625 6.211 5.469 0.869 0.879 1.053
353 3.204 5.455 5.769 3.665 6.048 2.725 0.864 0.902 2.117
354 3.208 5.453 5.758 3.7 6.107 0.9 0.867 0.893 6.396
355 3.173 5.448 5.759 4.658 6.09 1.72 0.867 0.895 3.348
356 3.18 5.446 5.756 3.653 6.047 4.037 0.867 0.901 1.426
357 3.185 5.459 5.757 3.696 7.143 3.568 0.862 0.764 1.614
358 3.172 5.465 5.761 4.651 6.072 4.597 0.862 0.9 1.253
359 3.169 5.445 5.757 3.676 6.022 5.03 0.862 0.904 1.144
360 3.165 5.43 5.721 3.69 7.748 4.059 0.868 0.701 1.409
361 3.166 5.444 5.788 3.72 7.227 6.532 0.861 0.753 0.886
362 3.167 5.43 5.759 3.662 10.334 0.323 0.865 0.525 17.819
363 3.165 5.429 5.801 3.598 7.037 5.824 0.869 0.771 0.996
364 3.174 5.574 5.767 3.668 6.107 -0.029 0.865 0.913 -201.138
365 3.18 5.441 5.746 4.577 6.081 3.475 0.865 0.895 1.654
366 3.156 5.447 5.761 3.648 6.099 -0.094 0.865 0.893 -61.109
367 3.144 5.431 5.732 3.801 6.036 3.208 0.867 0.9 1.787
368 3.173 5.461 5.741 3.768 6.073 3.056 0.862 0.899 1.879
369 3.166 5.442 5.764 3.658 6.087 1.58 0.865 0.894 3.647
370 3.152 5.442 5.744 4.708 8.652 5.018 0.865 0.629 1.145
371 3.229 5.628 5.745 2.784 7.871 5.104 0.865 0.715 1.126
372 3.156 7.114 5.781 3.724 6.222 6.217 0.857 1.143 0.93
373 3.153 5.443 5.76 3.68 6.097 3.022 0.857 0.893 1.906
374 3.21 5.463 5.742 3.105 8.43 6.334 0.857 0.648 0.907
375 3.249 5.421 5.754 3.486 6.115 5.845 0.857 0.887 0.984
376 3.184 5.87 5.752 3.691 6.123 5.121 0.863 0.959 1.123
377 3.136 5.646 5.768 3.711 8.745 2.894 0.845 0.646 1.993
378 3.163 5.412 5.741 3.721 6.096 1.988 0.85 0.888 2.888
379 3.184 5.424 5.723 3.764 6.078 3.869 0.846 0.892 1.479
380 3.217 5.448 5.781 3.537 6.226 4.384 0.846 0.875 1.319
381 3.2 5.575 5.75 3.695 6.668 6.099 0.866 0.836 0.943
382 3.23 5.423 5.715 3.804 7.879 4.189 0.849 0.688 1.364
383 3.153 5.429 5.721 6.04 8.285 6.14 0.849 0.655 0.932
384 3.132 5.453 6.29 3.826 5.921 4.539 0.819 0.921 1.386
385 0 0 0 0 0 0 -nan -nan -nan
386 0 0 0 0 0 0 -nan -nan -nan
387 3.066 5.31 5.629 3.565 5.997 4.513 0.86 0.885 1.247
388 3.071 5.279 5.577 3.511 5.946 6.224 0.875 0.888 0.896
389 3.071 5.291 5.592 3.493 5.94 6.214 0.879 0.891 0.9
390 3.078 5.311 5.612 3.497 5.926 6.198 0.88 0.896 0.905
391 3.057 5.298 5.602 3.424 5.891 6.235 0.893 0.899 0.899
392 3.06 5.288 5.603 3.445 5.899 6.209 0.888 0.896 0.902
393 3.084 5.309 5.614 3.447 5.905 6.225 0.895 0.899 0.902
394 3.086 5.308 5.612 3.456 5.902 6.219 0.893 0.899 0.902
395 3.076 5.317 5.624 3.44 5.894 6.209 0.894 0.902 0.906
396 3.074 5.302 5.613 3.453 5.856 6.2 0.89 0.905 0.905
397 3.069 5.29 5.593 3.423 5.848 6.188 0.897 0.905 0.904
398 3.064 5.301 5.615 3.414 5.869 6.185 0.897 0.903 0.908
399 3.083 5.328 5.637 3.426 5.887 6.218 0.9 0.905 0.907
400 3.095 5.315 5.625 3.447 5.861 6.214 0.898 0.907 0.905
401 3.088 5.318 5.629 3.458 5.878 6.198 0.893 0.905 0.908
402 3.085 5.313 5.614 3.464 5.875 6.216 0.891 0.904 0.903
403 3.094 5.321 5.625 3.434 5.884 6.208 0.901 0.904 0.906
404 3.063 5.301 5.609 3.413 5.851 6.172 0.898 0.906 0.909
405 3.091 5.334 5.638 3.445 5.921 6.181 0.897 0.901 0.912
406 0 0 0 0 0 0 -nan -nan -nan
407 0 0 0 0 0 0 -nan -nan -nan
408 3.117 5.357 5.666 3.401 5.918 6.202 0.916 0.905 0.913
409 3.11 5.352 5.664 3.448 5.881 6.189 0.902 0.91 0.915
410 3.102 5.336 5.64 3.423 5.856 6.186 0.906 0.911 0.912
411 3.102 5.339 5.652 3.441 5.883 6.209 0.902 0.908 0.91
412 3.099 5.335 5.63 3.428 5.856 6.174 0.904 0.911 0.912
413 3.086 5.303 5.618 3.384 5.846 6.18 0.912 0.907 0.909
414 3.086 5.319 5.626 3.438 5.87 6.202 0.898 0.906 0.907
415 3.099 5.329 5.645 3.407 5.875 6.208 0.909 0.907 0.909
416 3.107 5.346 5.654 3.376 5.85 6.18 0.921 0.914 0.915
417 3.101 5.353 5.663 3.367 5.966 6.105 0.921 0.897 0.928
418 3.111 5.35 5.648 3.437 5.826 6.155 0.905 0.918 0.918
419 3.105 5.32 5.624 3.413 5.812 6.128 0.91 0.915 0.918
420 3.099 5.34 5.644 3.371 5.816 6.162 0.919 0.918 0.916
421 3.111 5.356 5.662 3.395 12.986 6.136 0.916 0.412 0.923
422 3.119 5.372 5.667 3.389 5.833 6.014 0.92 0.921 0.942
423 3.113 5.362 5.671 3.391 5.818 6.153 0.918 0.922 0.922
424 3.093 5.326 5.634 3.399 5.797 6.14 0.91 0.919 0.917
425 3.088 5.315 5.606 3.396 5.822 6.137 0.909 0.913 0.914
426 3.088 5.329 5.634 3.411 5.827 6.173 0.905 0.915 0.913
427 3.104 5.349 5.653 3.466 5.827 6.115 0.896 0.918 0.924
428 3.106 5.339 5.642 3.545 5.918 6.135 0.876 0.902 0.92
429 3.119 5.361 5.658 3.399 9.448 6.128 0.918 0.567 0.923
430 3.117 5.364 5.665 3.414 5.832 6.16 0.913 0.92 0.92
431 3.113 5.354 5.673 3.378 5.804 6.156 0.922 0.923 0.921
432 3.116 5.366 5.669 3.39 5.969 6.149 0.919 0.899 0.922
433 3.122 5.376 5.679 3.393 8.041 6.142 0.92 0.669 0.925
434 3.123 5.379 5.678 3.388 5.818 6.156 0.922 0.925 0.922
435 3.126 5.379 5.68 3.398 5.829 6.13 0.92 0.923 0.926
436 3.132 5.387 5.685 3.396 6.035 6.125 0.922 0.893 0.928
437 3.124 5.381 5.676 3.399 5.797 6.137 0.919 0.928 0.925
438 3.126 5.372 5.678 3.396 5.862 6.079 0.921 0.917 0.934
439 3.119 5.363 5.673 3.401 5.917 6.18 0.917 0.906 0.918
440 3.116 5.363 5.666 3.412 6.299 6.133 0.913 0.852 0.924
441 3.115 5.363 5.662 3.392 5.807 6.148 0.918 0.924 0.921
442 3.114 5.36 5.658 3.389 5.181 6.171 0.919 1.035 0.917
443 3.098 5.337 5.642 3.369 10.425 6.139 0.92 0.512 0.919
444 3.109 5.35 5.655 3.385 5.954 6.157 0.918 0.898 0.919
445 3.1 5.353 5.658 3.395 5.875 6.166 0.913 0.911 0.918
446 3.108 5.346 5.649 3.409 5.858 6.152 0.912 0.913 0.918
447 3.113 5.344 5.647 3.587 5.842 6.201 0.906 0.915 0.911
448 3.09 5.327 5.642 3.397 5.866 6.175 0.91 0.908 0.914
449 3.095 5.321 5.638 3.442 5.865 6.16 0.899 0.907 0.915
450 3.1 5.342 5.645 3.428 5.851 6.181 0.904 0.913 0.913
451 3.1 5.343 5.655 3.479 6.063 6.182 0.900 0.881 0.915
452 3.112 5.34 5.637 3.407 6.295 6.181 0.913 0.848 0.912
453 3.109 5.344 5.644 3.423 5.928 6.197 0.908 0.901 0.911
454 3.096 5.338 5.633 3.376 5.839 6.188 0.917 0.914 0.91
455 3.095 5.352 5.644 3.402 6.059 6.169 0.91 0.883 0.915
456 3.111 5.363 5.664 3.398 5.9 6.17 0.915 0.909 0.918
457 3.113 5.338 5.674 3.422 6.2 6.158 0.91 0.861 0.921
458 3.131 5.374 5.682 3.414 5.838 6.192 0.917 0.921 0.918
459 3.127 5.385 5.684 2.869 5.926 6.183 0.917 0.909 0.919
460 3.131 5.388 5.701 3.431 5.792 6.156 0.913 0.93 0.926
461 3.134 5.387 5.702 1.743 5.829 6.2 0.913 0.924 0.92
462 3.124 5.38 5.698 3.53 11.647 6.164 0.917 0.462 0.924
463 3.14 5.396 5.696 3.397 6.103 6.157 0.924 0.884 0.925
464 3.116 5.378 5.699 1.516 5.913 6.181 0.924 0.91 0.922
465 3.137 5.387 5.692 3.411 5.933 6.153 0.92 0.908 0.925
466 3.143 5.396 5.691 3.395 5.936 6.193 0.926 0.909 0.919
467 3.129 5.381 5.687 3.462 5.767 6.185 0.904 0.933 0.919
468 3.124 5.36 5.664 3.492 5.911 6.198 0.895 0.907 0.914
469 3.121 5.358 5.665 3.453 5.944 6.147 0.904 0.901 0.922
470 3.113 5.348 5.659 3.405 5.887 6.184 0.914 0.908 0.915
471 3.113 5.353 5.662 3.393 8.23 6.166 0.917 0.65 0.918
472 3.122 5.375 5.685 3.585 5.891 6.215 0.871 0.912 0.915
473 0.002 0.002 0.002 0 0 0 inf inf inf
474 3.119 5.359 5.663 1.19 6.142 6.182 0.91 0.873 0.916
475 3.105 5.365 5.662 3.412 6.602 6.181 0.91 0.813 0.916
476 3.108 5.359 5.671 3.467 7.146 6.18 0.896 0.75 0.918
477 3.123 5.371 5.674 3.451 5.883 6.18 0.905 0.913 0.918
478 3.139 5.402 5.691 4.091 5.967 6.187 0.910 0.905 0.92
479 3.122 5.378 5.678 3.392 5.866 6.168 0.92 0.917 0.921
480 3.108 5.35 5.67 3.391 6.011 6.186 0.917 0.89 0.917
481 3.104 5.363 5.675 3.391 5.757 6.183 0.915 0.932 0.918
482 3.101 5.382 5.618 1.102 6.1 5.872 0.915 0.882 0.957
483 3.077 5.322 5.626 3.445 5.934 6.172 0.893 0.897 0.912
484 3.088 5.34 5.628 3.536 6.335 6.024 0.893 0.843 0.934
485 3.126 5.348 5.637 3.466 5.954 6.158 0.902 0.898 0.915
486 3.105 5.365 5.623 3.562 7.057 6.157 0.892 0.76 0.913
487 3.095 5.336 5.632 3.295 8.93 6.172 0.912 0.597 0.912
488 3.089 5.384 5.603 3.372 5.978 6.145 0.916 0.901 0.912
489 3.098 5.385 5.623 3.404 7.071 6.157 0.91 0.761 0.913
490 3.147 5.372 5.636 3.429 5.928 6.111 0.918 0.906 0.922
491 3.094 5.343 5.639 3.62 5.933 6.207 0.900 0.901 0.909
492 0 0 0 0 0 0 -nan -nan -nan
493 0.002 0.002 0.002 0 0 0 inf inf inf
494 3.089 5.349 5.633 1.693 5.98 6.009 0.894 0.894 0.937
495 3.093 5.33 5.609 3.461 5.853 6.967 0.894 0.911 0.805
496 3.073 5.366 5.614 3.424 5.888 6.116 0.897 0.911 0.918
497 3.089 5.37 5.621 3.401 5.824 6.077 0.908 0.922 0.925
498 3.111 5.353 5.649 3.426 9.858 6.166 0.908 0.543 0.916
499 3.107 5.358 5.625 3.455 5.828 6.164 0.899 0.919 0.913
500 3.107 5.383 5.622 3.508 3.432 6.179 0.886 1.568 0.91
501 3.089 5.349 5.608 1.382 5.878 6.182 0.886 0.91 0.907
502 3.106 5.348 5.639 3.426 5.947 6.139 0.907 0.899 0.919
503 3.07 5.37 5.629 2.833 6.114 6.399 0.907 0.878 0.88
504 3.152 5.332 5.624 3.476 7.47 6.142 0.907 0.714 0.916
505 3.134 5.363 5.634 3.462 5.846 6.181 0.905 0.917 0.911
506 3.055 5.31 5.609 3.327 5.867 4.916 0.918 0.905 1.141
507 3.217 5.384 5.638 3.328 5.871 8.167 0.917 0.917 0.69
508 3.089 5.388 5.631 3.377 5.961 5.591 0.915 0.904 1.007
509 3.058 5.36 5.636 3.52 5.884 6.175 0.899 0.911 0.913
510 3.168 5.366 5.653 4.082 6.962 6.171 0.896 0.771 0.916
511 3.13 5.358 5.58 3.915 6.103 6.116 0.890 0.878 0.912
512 3.041 5.303 5.051 3.372 6.252 7.338 0.902 0.848 0.688
